58682055
12206350
7659813
5860840
5082543
4267542
3512841
3354743
3203739
2989949
2872971
2766131
2769916
2690196
2664110
2658160
2706297
2631816
2602757
2579844
2642721
2710758
2675838
2744737
2673945
2782762
2624844
2594264
2656513
2720938
2692001
2780121
2896532
2738740
2921363
2713732
2725202
2895273
2762004
2700050
2787677
2631916
2760180
2646547
2675205
2721873
2843106
2711007
2781334
2699222
2750930
2740404
2730711
2791945
2726955
2697163
2671035
2775603
2521328
2603636
2675840
2639081
2581509
2606905
